10
39
99
100
166
201
205
206
221
279
289
20
41
42
77
130
133
170
247
278
25
29
39
44
78
82
91
96
125
215
282
296
27
74
92
99
102
122
132
149
188
261
282
320
64
85
89
159
173
187
200
226
304
310
325
36
41
42
48
52
96
101
268
276
316
47
87
156
185
201
322
62
140
149
190
235
243
252
254
305
310
313
325
19
30
34
49
67
113
114
169
189
215
229
234
235
239
244
263
269
306
326
16
25
54
78
115
116
126
145
155
239
312
0
133
153
182
230
250
261
272
285
320
329
75
88
154
163
187
207
217
281
325
17
39
41
87
163
164
228
257
312
83
121
123
135
147
212
215
221
265
303
321
326
35
42
57
59
61
102
109
126
131
174
258
262
299
36
93
121
159
232
9
73
144
167
182
195
219
225
250
251
254
270
305
12
28
61
106
155
174
208
248
258
269
296
306
320
328
33
40
69
87
102
108
157
172
255
275
292
310
8
100
138
140
182
227
265
288
292
1
60
66
68
78
88
95
96
109
207
236
319
73
74
113
117
126
184
194
205
224
273
290
314
329
74
86
113
181
184
209
272
282
295
296
98
125
135
136
155
210
226
241
249
301
309
313
76
99
116
212
228
260
280
308
321
324
2
9
27
84
98
148
199
269
287
36
95
104
118
120
123
158
211
238
266
294
310
3
25
49
103
147
149
211
216
289
299
313
17
31
77
100
117
126
2
56
57
123
159
202
259
8
56
75
91
129
151
177
189
191
201
233
263
280
302
313
28
108
171
205
210
216
221
237
240
299
307
320
39
94
108
111
112
126
166
217
284
18
51
79
82
143
155
176
232
300
8
47
91
122
132
133
163
201
214
284
289
317
14
45
89
149
187
188
203
311
5
15
26
44
68
85
114
132
301
55
76
85
126
141
149
180
315
65
70
144
158
167
185
270
283
290
318
0
2
12
32
84
128
158
263
293
324
18
52
102
130
207
320
1
5
12
62
107
249
296
300
307
1
5
14
91
135
137
177
262
283
318
320
47
66
120
166
179
183
188
237
295
2
36
50
176
191
204
219
274
35
75
94
116
145
159
191
210
229
240
266
64
138
151
158
207
215
236
237
248
276
6
34
43
64
156
165
201
209
252
261
266
277
299
5
113
135
198
262
291
300
313
8
27
104
153
172
175
188
205
258
263
312
44
100
114
115
186
223
244
33
69
71
92
116
141
179
196
218
328
5
40
56
76
83
104
116
117
150
169
173
184
187
262
313
322
99
105
108
147
155
192
275
298
312
9
65
100
131
164
176
195
211
220
239
240
321
329
37
86
164
165
182
206
209
223
245
264
265
277
29
30
52
72
85
115
124
191
14
29
108
152
234
238
275
283
299
312
77
114
134
164
170
230
236
269
303
14
120
125
130
177
186
206
293
20
89
99
168
196
202
268
14
17
148
194
229
239
253
289
7
41
68
78
137
139
148
208
85
124
139
166
279
294
303
4
46
47
101
198
38
54
115
202
241
274
281
303
20
43
87
103
112
131
148
199
238
276
8
95
99
172
194
202
251
279
307
20
36
62
101
103
107
144
157
171
177
286
317
18
51
135
144
183
194
245
308
318
38
133
174
175
238
274
290
301
317
51
113
142
147
160
204
243
265
297
56
132
150
228
262
275
309
16
21
167
205
230
239
254
314
3
21
22
101
124
208
272
297
11
30
45
100
210
233
242
255
302
316
24
37
52
103
124
137
215
307
1
28
58
102
105
248
252
260
2
9
20
62
98
100
103
106
112
127
158
225
244
273
302
33
119
157
317
94
109
113
150
224
226
258
279
298
315
320
85
105
106
109
122
123
137
143
165
172
173
176
292
2
33
100
101
122
218
297
310
318
13
52
150
168
179
201
250
252
263
25
39
139
194
196
249
279
301
319
4
36
37
56
63
81
98
100
144
178
266
284
286
307
22
55
92
169
174
214
6
12
18
66
91
120
199
210
233
268
295
301
11
20
201
260
261
276
298
301
4
35
60
93
126
147
186
224
251
267
302
313
106
110
122
129
230
2
30
34
42
87
116
138
178
180
182
207
3
51
86
97
145
166
167
183
198
214
225
236
258
270
278
15
89
119
142
194
237
260
288
301
311
325
32
45
80
139
178
220
279
282
310
321
20
26
67
121
162
211
221
251
273
288
300
2
5
20
104
111
162
219
259
278
296
92
107
158
179
191
237
254
267
282
300
312
23
25
78
85
122
160
251
268
270
0
3
24
53
60
67
113
121
185
203
262
267
302
303
0
19
28
50
54
75
78
82
85
141
177
182
220
322
5
64
68
74
82
137
264
294
3
14
18
40
77
134
162
190
250
253
259
263
282
309
27
66
68
76
78
115
147
156
180
245
248
253
272
303
26
49
52
96
107
109
145
212
217
225
250
317
53
77
81
208
222
286
17
78
81
90
128
141
147
172
182
188
236
248
266
293
41
68
97
104
113
128
171
202
207
209
224
263
18
31
32
53
57
132
198
209
264
313
318
14
20
80
81
104
239
90
115
128
130
181
204
284
32
96
131
141
166
201
232
269
271
329
32
66
78
191
277
8
21
22
48
71
80
99
107
143
163
286
288
294
8
36
50
58
135
247
260
275
9
50
56
65
103
110
180
226
265
302
9
24
45
51
52
91
218
251
284
21
28
52
136
152
179
217
248
26
128
138
233
247
79
93
121
125
164
176
285
286
300
26
43
59
87
144
208
236
285
315
13
15
95
99
119
133
155
178
200
3
34
81
82
90
98
185
186
212
225
287
288
327
13
26
29
81
175
186
187
193
205
213
276
306
325
56
63
74
76
158
185
216
2
23
59
119
160
192
197
240
306
310
9
14
21
28
32
37
89
176
205
221
277
78
130
159
236
243
245
264
267
292
312
39
106
107
110
118
148
158
203
216
232
291
30
90
138
170
183
190
199
212
261
293
301
1
40
59
110
127
196
216
220
227
14
54
66
111
151
172
262
276
3
34
36
72
108
134
251
265
280
296
1
10
34
70
121
155
160
173
188
217
234
255
58
102
132
139
177
216
218
243
255
285
301
13
23
42
48
69
114
140
166
182
208
229
237
255
287
313
23
117
156
207
284
292
300
304
327
42
62
76
81
101
144
166
173
211
223
270
293
294
306
325
19
46
91
118
129
197
286
288
311
62
63
84
94
134
147
186
232
281
7
19
135
164
188
211
240
251
256
308
37
51
100
106
111
166
169
273
308
71
93
143
170
296
33
81
113
142
146
163
184
219
296
301
16
38
68
69
85
120
137
251
267
271
280
305
316
325
9
45
92
104
171
245
283
292
323
143
190
197
202
217
220
224
311
325
13
27
53
71
89
103
106
139
151
171
178
222
297
25
61
62
66
128
178
183
313
3
7
27
35
37
151
170
215
52
72
80
83
153
261
303
326
30
46
131
147
149
186
236
248
285
326
57
117
174
197
269
279
290
309
318
10
49
150
154
180
185
202
217
11
153
160
216
226
245
253
276
280
314
324
9
17
23
33
53
121
133
165
179
193
224
287
295
304
305
314
6
47
103
136
165
188
191
267
275
312
18
68
79
170
206
214
231
291
294
319
26
38
39
46
78
97
124
128
225
288
309
315
4
15
29
45
127
164
229
236
328
71
98
125
133
154
192
199
256
268
288
312
186
208
225
227
251
301
305
95
96
102
190
219
11
12
34
113
143
191
192
210
241
296
12
54
55
58
119
140
159
327
47
55
81
155
156
216
222
297
308
0
32
43
63
92
111
135
137
141
287
16
38
73
92
178
193
199
224
242
291
309
310
60
83
169
178
191
8
52
86
141
168
170
256
277
1
58
129
142
149
157
169
193
199
248
257
270
294
299
31
68
107
145
147
216
251
321
18
49
67
81
106
131
305
319
4
52
81
133
137
229
250
256
14
17
70
86
152
195
267
279
49
70
123
231
244
254
271
327
33
44
54
81
119
126
181
228
306
30
42
59
68
100
134
258
298
310
85
91
94
121
147
148
167
168
189
209
275
280
291
315
43
51
83
97
117
155
217
257
258
269
289
305
37
91
103
115
153
209
233
234
316
22
110
176
185
285
10
16
19
55
91
100
106
135
210
213
232
234
238
327
43
69
92
129
148
211
212
220
228
269
21
22
52
143
240
254
269
313
326
6
38
99
122
124
153
181
222
286
295
304
50
59
89
122
123
139
151
161
196
313
4
11
35
52
123
196
205
242
274
328
3
35
43
49
106
133
140
156
227
289
319
8
30
178
200
277
286
310
7
102
129
146
162
225
234
250
298
30
44
45
56
97
112
156
163
168
243
279
291
53
125
160
163
198
216
303
123
155
167
170
206
222
275
286
21
61
67
69
84
93
255
278
16
54
174
225
262
328
51
60
84
130
186
187
240
261
125
138
146
152
202
297
48
64
92
108
192
227
238
258
278
329
25
66
87
129
160
167
170
201
255
259
4
121
189
226
272
280
283
327
0
6
30
34
47
83
88
111
199
314
327
29
60
65
67
107
146
153
197
304
35
99
128
249
319
323
44
71
110
260
263
0
21
31
49
73
123
126
187
208
234
235
256
281
0
55
59
157
193
223
253
311
11
20
40
46
91
107
136
214
278
280
289
298
17
62
74
105
120
135
161
205
232
233
305
307
328
22
47
55
107
108
178
180
222
258
316
323
23
31
45
75
87
163
182
260
26
27
54
95
137
140
183
240
285
289
322
13
24
104
122
129
183
263
278
123
182
223
257
258
315
328
34
86
92
157
207
253
269
296
301
2
8
13
46
76
149
240
27
31
124
128
130
134
154
165
171
192
272
11
32
104
117
133
146
153
179
219
233
259
306
314
51
82
116
134
275
287
326
16
44
96
143
162
217
250
278
322
54
94
100
130
146
183
223
0
13
31
95
126
238
258
105
147
165
185
193
209
227
241
279
285
304
50
55
137
206
213
220
258
278
320
21
80
89
107
146
155
167
248
272
288
305
16
78
92
104
122
158
161
190
195
245
259
261
314
4
23
80
115
154
200
266
268
329
19
130
161
188
198
222
244
248
292
299
308
12
24
72
176
183
277
296
327
8
45
61
135
159
173
255
272
297
10
58
73
90
249
270
293
157
175
249
269
287
15
33
111
128
139
182
208
290
314
30
75
87
118
180
208
217
259
276
294
8
57
133
180
182
190
205
7
8
205
249
253
262
266
307
322
20
46
58
92
106
120
127
151
159
264
273
322
324
31
43
46
93
97
135
242
268
327
328
26
57
66
70
182
198
221
246
301
323
326
8
9
54
61
73
109
272
288
316
31
45
54
125
140
184
196
211
215
301
326
23
65
163
222
309
75
167
187
237
248
252
269
7
71
127
134
191
249
257
271
280
8
50
78
175
227
250
294
310
55
69
103
127
145
154
225
267
293
296
238
252
253
1
114
118
255
259
277
300
312
17
46
77
103
106
117
151
170
224
227
242
312
323
23
41
84
203
230
231
235
243
10
16
83
102
104
173
190
219
244
259
287
303
323
16
67
89
95
98
116
132
140
144
161
171
266
7
47
77
83
242
246
273
307
324
61
102
103
154
206
214
235
246
254
255
293
7
16
73
97
175
184
253
281
18
75
133
134
135
194
199
229
247
253
282
301
303
140
160
169
173
205
12
170
179
213
243
271
283
286
311
14
17
49
80
92
177
179
198
209
213
221
223
322
29
96
102
199
217
225
233
247
250
263
306
320
24
77
88
93
114
204
210
288
3
10
47
88
129
150
196
225
271
272
14
42
48
52
72
99
131
195
235
286
314
8
30
39
49
83
102
107
204
212
259
278
292
316
55
101
108
127
236
266
310
311
13
19
55
71
115
132
297
308
26
45
47
85
106
226
235
251
264
284
320
89
97
99
127
144
156
174
245
279
289
5
60
87
98
160
226
237
8
17
25
58
111
152
179
183
184
214
231
242
16
38
92
98
137
170
230
318
111
144
175
243
257
261
280
302
10
22
74
103
200
216
224
229
239
261
274
317
21
78
95
141
236
252
311
44
65
70
187
272
284
312
18
53
57
72
114
156
178
193
218
279
303
324
5
46
66
88
123
131
154
233
47
55
112
126
169
189
228
247
1
92
96
194
198
207
212
219
223
263
294
0
63
67
80
84
94
152
174
191
222
267
275
308
329
24
30
132
144
154
178
200
207
243
271
11
65
139
205
254
290
300
303
311
317
324
2
3
22
94
97
102
255
299
303
38
42
57
145
200
257
317
319
32
34
85
110
116
136
266
274
285
296
10
119
120
134
151
181
211
222
284
68
85
105
113
119
138
185
189
193
257
262
298
25
122
135
155
166
218
231
250
19
93
95
113
122
138
158
160
224
239
260
322
326
327
0
27
34
61
179
188
207
211
267
324
21
38
70
152
232
281
316
318
327
48
128
157
167
178
191
18
19
81
127
136
145
227
263
293
321
39
59
106
129
137
230
245
253
292
26
63
101
113
137
157
170
233
244
278
22
43
87
155
185
2
17
22
41
96
132
142
143
163
214
228
245
284
302
321
71
74
82
147
165
197
229
265
53
80
88
177
190
207
286
320
14
27
31
47
57
170
227
282
320
33
41
48
95
97
119
136
247
281
23
36
70
84
87
88
93
129
134
143
161
214
238
240
255
30
75
78
89
99
115
271
296
13
58
63
65
99
103
150
192
250
255
275
281
282
304
310
4
136
155
185
202
222
303
7
16
144
155
161
172
179
208
224
309
327
8
17
123
125
137
176
217
259
309
328
31
41
67
76
85
208
235
252
24
69
140
141
165
227
265
279
23
72
102
152
158
167
241
305
306
4
7
18
26
82
94
125
167
177
189
244
264
303
320
321
35
93
138
146
206
257
264
273
281
9
12
49
53
57
97
127
156
160
247
248
274
7
23
27
30
48
52
89
108
135
148
184
186
21
73
154
155
201
217
225
232
262
37
80
120
158
178
213
321
5
75
144
180
209
239
263
290
34
68
70
79
104
272
281
283
325
329
38
42
69
82
108
152
270
290
20
84
157
172
188
203
283
322
3
10
17
31
40
42
80
223
259
266
298
299
310
13
24
54
94
171
292
296
310
315
327
6
52
100
211
219
235
236
258
288
319
145
203
209
238
248
250
326
24
39
154
236
252
275
281
289
4
7
11
93
123
137
144
146
317
8
13
150
151
184
218
238
240
288
323
122
136
164
175
182
200
201
228
237
288
290
305
321
17
51
159
187
195
208
213
237
306
10
21
54
111
198
226
279
317
