0
11
20
32
44
55
65
71
83
102
113
124
133
142
154
167
172
185
199
211
220
232
245
255
267
277
286
298
309
315
322
337
349
358
367
379
387
396
404
414
424
430
439
450
459
467
478
488
501
509
520
527
537
553
562
575
587
595
605
614
622
629
637
645
652
657
665
675
684
696
705
714
723
730
738
746
756
764
772
787
791
802
815
824
833
842
856
862
874
882
894
899
910
925
936
946
957
967
978
987
1001
1015
1023
1037
1051
1063
1069
1083
1095
1106
1112
1119
1129
1134
1147
1155
1165
1174
1182
1187
1196
1205
1214
1227
1240
1247
1257
1268
1278
1289
1300
1309
1317
1327
1339
1350
1365
1374
1389
1398
1407
1417
1426
1431
1441
1455
1464
1473
1486
1494
1502
1510
1520
1529
1537
1548
1564
1574
1584
1596
1605
1616
1623
1628
1638
1646
1655
1665
1677
1682
1690
1704
1712
1720
1728
1736
1744
1753
1762
1776
1788
1797
1802
1816
1826
1835
1846
1856
1866
1877
1884
1893
1905
1912
1920
1928
1934
1942
1948
1958
1968
1976
1987
1996
2002
2007
2020
2028
2040
2053
2064
2072
2083
2091
2098
2107
2114
2125
2138
2145
2154
2161
2168
2179
2188
2199
2212
2221
2232
2240
2249
2256
2261
2270
2280
2287
2296
2309
2319
2330
2339
2350
2355
2362
2371
2379
2389
2392
2400
2413
2421
2434
2446
2455
2466
2474
2487
2492
2501
2514
2526
2534
2544
2555
2568
2576
2584
2595
2605
2612
2624
2632
2640
2652
2659
2666
2678
2686
2694
2705
2719
2729
2740
2749
2757
2767
2776
2788
2796
2810
2820
2829
2835
2845
2854
2864
2869
2884
2892
2900
2909
2918
2933
2941
2956
2963
2974
2984
2992
3000
3009
3024
3033
3045
3057
3066
3073
3081
3091
3099
3107
3120
3130
3140
3147
3155
3164
3174
3187
3196
3204
