5
23
78
101
187
205
233
245
277
37
87
144
161
195
211
222
230
231
242
252
29
54
108
154
266
273
342
23
44
55
154
162
196
205
208
252
266
283
338
31
79
106
112
116
150
158
222
274
325
331
336
0
17
26
27
113
179
308
312
87
158
216
227
232
284
312
33
72
103
158
163
198
262
268
285
309
320
107
111
151
183
184
227
244
33
139
163
188
210
217
269
289
303
315
342
16
42
43
49
68
150
184
187
204
257
12
83
111
123
162
190
195
230
234
264
313
11
43
48
57
79
158
177
256
273
41
156
203
207
222
268
324
329
29
32
56
110
188
210
215
221
87
97
190
198
242
277
335
10
69
142
193
266
5
34
42
75
82
102
114
166
84
116
117
144
180
243
253
267
282
287
296
61
65
68
91
102
155
183
190
241
273
278
285
312
323
39
46
50
146
160
209
222
275
279
280
291
292
86
134
210
249
254
307
311
313
334
51
89
125
171
192
200
246
312
326
336
0
3
34
124
153
179
214
234
244
297
42
58
187
209
223
267
290
61
71
131
158
203
214
239
298
5
39
42
63
88
92
97
125
137
164
200
208
233
326
5
47
89
118
234
256
301
305
306
322
50
51
130
140
167
230
255
288
319
2
14
57
78
91
95
130
139
248
250
274
104
115
118
136
139
174
192
194
263
278
297
300
301
326
341
4
145
149
162
203
208
242
307
337
14
48
58
96
107
136
227
266
276
305
325
7
9
88
168
199
17
23
127
129
140
158
236
281
282
83
93
107
218
230
250
312
323
64
99
149
166
211
240
255
287
303
1
101
103
142
207
252
276
319
116
165
208
216
219
228
233
286
20
26
42
63
71
76
121
133
223
270
317
319
338
60
118
136
145
204
260
275
324
336
339
13
45
82
117
168
196
223
264
268
303
313
319
10
17
24
26
39
72
93
100
135
157
181
231
330
10
12
148
157
245
271
3
75
82
95
117
145
158
185
269
276
313
41
55
92
116
175
181
189
292
328
338
20
61
81
141
167
187
188
195
196
197
198
257
290
27
142
152
157
159
226
306
336
12
32
133
147
193
198
284
297
10
157
165
168
206
214
229
247
253
276
292
300
305
20
28
107
133
177
185
189
220
247
268
281
288
289
298
323
22
28
87
98
155
210
283
299
66
85
231
252
268
281
310
312
324
120
222
303
2
104
114
149
151
174
216
246
253
283
299
317
321
337
3
45
62
104
110
117
125
156
203
246
300
333
14
95
113
138
141
143
152
160
187
196
230
256
312
317
12
29
145
168
173
247
272
293
300
329
24
32
146
155
161
168
216
227
228
246
275
280
139
156
191
196
197
233
236
249
255
283
305
334
40
66
133
149
216
219
231
306
19
25
46
104
114
235
322
55
73
139
152
160
187
198
263
26
39
89
99
107
128
131
142
258
269
283
301
307
325
342
36
98
108
113
157
195
201
202
248
251
295
329
19
74
107
115
165
177
180
189
218
259
52
60
81
99
141
162
202
278
304
321
109
149
193
206
237
266
267
305
328
10
19
81
84
104
107
148
166
168
242
299
313
16
89
112
153
167
172
183
206
227
258
294
333
87
119
135
178
188
197
200
208
232
242
248
266
311
335
336
25
39
81
93
98
109
174
178
215
217
266
7
42
90
230
248
254
302
313
62
97
114
146
173
201
289
294
309
65
96
122
160
175
194
209
254
298
17
44
104
129
143
197
198
210
304
326
39
95
105
152
224
264
274
277
299
328
84
86
116
139
159
202
206
253
258
335
0
29
205
294
313
325
4
12
80
91
130
152
154
203
252
287
314
79
106
202
232
256
268
307
328
46
66
68
71
99
123
145
167
204
215
229
295
312
314
17
41
44
164
258
292
321
322
327
11
35
88
211
240
252
266
18
68
77
131
148
170
200
201
289
52
89
106
131
185
186
196
247
270
21
77
119
222
267
329
342
1
6
15
51
70
116
196
199
210
329
340
26
33
83
104
157
195
206
246
309
327
22
27
63
69
85
110
138
144
183
196
233
270
331
72
128
173
294
308
327
19
29
79
219
328
332
336
26
45
116
139
151
159
160
166
213
230
293
301
327
328
339
35
42
71
207
220
311
315
326
339
95
182
188
201
261
303
310
329
29
44
56
76
94
128
164
166
179
182
219
281
32
74
121
159
161
208
224
232
234
250
279
15
26
73
139
305
310
313
340
51
64
71
130
212
222
226
230
275
283
312
36
63
66
81
118
134
203
221
223
256
332
334
42
183
213
221
237
297
302
0
37
209
245
253
278
322
338
17
19
184
203
225
231
300
312
324
7
37
117
153
176
193
218
339
30
54
55
61
68
75
88
111
278
293
310
76
147
148
170
191
228
248
261
271
281
335
4
80
85
120
141
163
165
215
250
253
297
299
8
32
35
50
63
65
68
113
180
187
297
2
64
131
132
144
165
168
242
262
277
67
71
111
178
191
265
279
306
14
55
89
147
185
197
222
232
291
322
8
11
104
109
115
137
233
254
273
330
4
69
192
225
274
306
340
5
56
64
107
141
298
329
17
54
61
73
127
132
135
158
180
306
307
30
65
111
132
162
217
285
291
295
323
4
18
38
45
77
87
92
169
181
239
251
294
316
325
340
18
41
44
55
103
151
185
214
333
339
27
30
40
99
198
202
231
249
302
337
70
86
128
140
146
148
170
223
243
290
303
53
106
147
159
176
218
220
308
39
96
151
217
248
278
305
311
74
135
162
173
256
295
309
11
81
151
163
170
191
207
238
23
187
211
230
266
268
22
26
55
133
152
156
183
197
218
250
264
273
277
302
329
337
139
178
207
243
266
282
299
34
114
160
177
189
205
311
312
334
63
90
95
119
237
264
281
293
340
34
75
138
186
224
28
29
79
98
144
242
292
316
25
63
84
85
108
140
145
147
222
275
324
327
108
114
115
148
153
201
225
243
245
260
290
317
323
334
39
48
50
60
125
140
142
237
242
310
314
21
99
136
164
252
272
338
42
70
114
122
165
183
30
32
40
134
169
224
229
244
308
336
26
111
149
245
270
322
332
56
89
129
177
217
286
332
9
29
30
59
62
77
92
97
126
265
272
324
341
28
34
119
131
133
157
193
200
221
234
295
46
56
66
106
113
143
167
184
232
251
294
299
302
304
340
16
37
47
63
133
212
225
249
252
255
256
291
56
75
141
220
227
267
325
330
1
18
89
108
130
148
201
226
235
262
293
297
303
31
40
44
57
81
131
187
240
282
324
20
58
73
119
179
265
277
288
327
48
105
110
120
131
155
172
178
182
201
268
286
302
318
330
43
68
84
105
119
132
144
203
31
36
54
60
67
137
166
173
204
296
4
10
171
178
185
224
236
286
315
8
54
92
117
121
123
193
246
256
259
315
47
56
62
76
79
125
167
170
228
243
254
304
321
335
23
69
103
132
156
174
189
321
2
3
79
292
337
338
19
51
58
147
180
181
233
260
306
322
13
55
59
125
153
162
337
42
43
47
49
64
88
140
161
221
267
271
4
6
7
12
25
34
44
114
260
268
272
296
305
47
77
92
96
120
213
221
297
324
20
56
62
74
92
127
246
284
1
58
96
157
221
228
261
294
3
11
31
66
115
122
156
268
287
301
320
7
9
106
123
178
226
258
335
26
82
95
134
204
271
286
310
332
38
49
65
106
108
135
187
250
291
307
326
331
332
17
36
68
92
95
149
215
223
229
232
237
258
262
273
304
311
314
333
28
46
69
81
141
152
177
240
269
321
33
41
49
57
58
68
108
228
230
274
297
300
329
116
136
213
216
264
278
84
105
119
123
152
175
190
199
244
258
261
275
276
22
150
184
200
251
265
287
69
147
197
218
227
248
251
269
57
73
90
122
149
193
202
233
255
265
296
300
323
30
54
71
153
243
245
260
289
291
318
330
342
45
74
170
187
231
290
296
297
103
120
214
253
263
275
277
311
12
50
65
127
138
167
200
209
255
256
297
325
337
70
71
109
126
147
150
163
194
210
247
322
5
23
95
146
236
278
290
296
315
330
18
65
107
114
155
229
298
320
340
42
45
116
155
245
264
94
95
147
203
220
221
231
246
290
8
19
69
89
100
125
135
190
224
247
333
8
10
102
141
171
232
280
44
50
85
110
117
150
188
239
318
85
129
224
257
301
337
342
0
10
24
46
56
62
107
124
145
165
175
226
330
333
9
14
46
70
94
185
245
298
45
50
65
127
153
193
216
242
257
308
11
15
19
170
183
240
265
277
59
105
109
123
192
222
225
273
285
315
328
332
335
22
30
112
191
208
301
16
48
67
103
140
151
173
189
283
30
74
178
197
302
1
11
46
64
88
239
322
3
41
46
56
59
85
87
89
255
282
285
46
59
70
75
110
125
172
194
220
246
7
15
46
48
62
75
118
205
307
335
33
87
170
207
221
251
260
294
323
22
26
70
84
140
171
177
226
235
249
304
310
333
341
64
73
84
94
132
144
147
246
258
319
64
66
77
80
118
173
245
255
281
293
305
307
13
25
31
55
79
99
102
148
182
246
256
279
284
293
312
329
10
40
81
149
164
215
217
248
300
333
0
3
78
127
198
209
228
260
285
49
67
69
77
88
210
223
226
274
280
13
37
93
123
126
199
231
312
3
26
31
38
70
96
192
228
298
300
332
337
20
24
74
101
177
205
211
281
323
327
9
14
21
51
75
87
178
206
327
1
36
83
124
209
229
292
98
142
239
262
297
317
324
326
92
100
159
169
257
308
23
25
49
117
176
226
251
14
71
81
106
166
204
277
310
318
320
6
38
54
58
60
169
189
248
270
308
9
71
115
121
138
204
261
35
65
103
120
125
172
220
284
337
38
60
91
95
262
271
290
324
328
50
93
120
143
182
197
218
248
256
279
14
99
100
140
157
159
161
182
199
275
276
292
299
1
4
13
20
53
86
98
110
131
191
241
263
287
288
306
24
39
41
99
119
166
206
226
237
243
306
309
337
338
76
96
129
136
150
183
186
251
102
112
132
142
191
229
289
307
323
47
98
144
163
187
200
206
214
223
240
6
8
32
58
69
143
172
250
254
38
58
105
152
161
168
205
208
234
242
244
299
313
49
81
136
166
180
211
225
254
305
1
11
28
35
56
72
92
98
124
168
306
330
336
1
42
52
60
102
118
175
182
207
6
70
80
96
110
141
166
184
247
272
283
291
310
0
26
38
59
89
111
155
173
242
253
307
312
330
332
11
23
27
96
140
228
251
270
274
313
61
144
200
252
266
298
34
59
150
179
259
265
299
67
100
128
133
166
223
263
278
284
325
123
247
261
276
282
283
310
320
25
116
185
195
212
264
282
325
335
36
83
145
167
190
226
303
319
334
19
222
264
270
279
285
293
337
1
15
31
68
70
108
130
133
189
228
233
272
282
335
342
18
119
126
132
152
174
223
248
265
267
8
23
136
170
228
248
300
339
0
43
101
132
137
174
181
188
202
250
256
258
292
336
22
54
55
58
88
151
160
182
197
201
203
254
316
49
50
57
85
178
183
232
238
274
330
332
340
29
64
70
72
105
121
172
204
216
220
243
244
309
336
21
59
118
142
200
279
328
29
35
96
106
125
165
227
245
254
339
64
116
141
171
172
199
214
224
234
1
3
37
52
79
83
134
142
235
18
49
54
77
101
106
176
233
275
341
21
72
74
111
152
227
229
246
250
324
326
331
28
36
59
142
173
177
196
202
259
269
280
288
312
318
12
27
56
80
99
122
142
151
177
203
220
245
290
318
10
46
186
189
213
292
306
311
314
315
335
63
69
77
82
163
166
170
201
245
263
278
283
65
151
236
255
285
40
132
155
158
174
199
205
270
278
287
313
342
94
105
161
170
217
238
271
292
318
7
108
144
166
212
219
299
313
320
331
30
62
176
222
237
258
11
41
76
125
128
169
181
239
241
289
307
109
139
146
171
173
190
236
243
312
326
2
3
16
32
67
70
71
83
124
126
235
300
301
18
24
67
86
143
157
243
280
285
286
325
7
13
41
50
52
80
124
147
158
162
312
321
9
44
63
167
172
255
293
339
340
39
85
89
137
216
234
241
260
43
105
157
164
219
261
57
134
139
158
232
242
285
290
306
311
325
2
12
19
111
125
166
191
279
284
285
4
29
76
112
168
206
234
247
294
298
301
20
40
58
98
131
170
176
221
253
285
291
331
32
37
44
49
170
221
238
278
301
305
314
0
15
76
108
125
146
176
190
215
19
30
66
101
104
121
169
179
237
258
260
276
334
20
96
109
203
220
241
249
273
20
58
184
206
255
267
286
34
50
52
95
105
128
202
209
284
292
309
340
18
34
126
145
196
238
239
242
328
3
51
54
59
63
98
193
232
238
258
294
331
6
48
160
203
218
237
273
281
7
19
115
191
196
205
241
259
267
272
273
275
321
333
337
38
138
147
150
164
267
280
304
340
18
36
79
162
171
222
260
329
28
50
146
222
255
315
317
318
9
50
73
84
174
225
264
24
46
119
132
175
179
182
219
256
272
320
339
20
110
115
142
165
174
232
275
20
45
49
82
130
154
211
221
245
257
261
281
295
324
57
92
104
128
144
202
203
241
269
69
73
78
90
116
141
161
199
274
283
298
64
81
115
122
140
292
307
310
317
326
327
336
18
149
158
173
175
179
300
317
335
23
30
48
100
106
107
144
159
168
175
177
212
333
25
50
74
113
180
188
208
235
274
294
51
54
68
76
106
126
141
221
228
236
262
30
49
55
57
102
168
173
204
208
244
266
296
301
27
30
63
92
162
186
192
266
274
276
300
72
100
118
125
141
147
194
9
36
41
53
94
119
144
240
338
66
75
141
152
166
200
286
27
32
49
59
67
97
121
158
202
229
276
27
47
60
109
112
114
155
222
223
230
257
272
316
21
31
63
80
114
165
198
202
225
233
264
295
5
90
120
136
189
213
216
319
334
7
73
88
122
223
248
281
325
52
94
97
104
133
164
200
215
232
238
295
21
70
93
121
127
166
176
257
272
5
6
19
22
35
52
56
81
98
102
127
203
207
233
255
265
268
321
341
11
21
41
44
68
72
78
97
228
234
260
262
322
79
81
133
166
257
276
9
93
150
151
179
191
257
288
327
116
130
246
306
318
39
54
56
132
212
288
295
296
147
174
185
215
255
256
261
288
316
327
28
37
39
41
201
240
308
7
162
180
215
238
262
290
54
66
82
152
153
167
268
285
312
27
61
82
101
110
137
155
178
195
313
19
35
50
115
132
173
199
209
225
328
13
40
52
102
131
139
145
159
212
219
254
292
332
4
32
63
78
116
143
177
237
239
267
272
309
22
26
30
75
93
165
212
254
265
295
82
88
90
92
131
146
209
210
295
315
318
45
67
76
80
91
92
191
219
249
282
323
13
57
64
86
87
94
113
125
168
203
287
342
42
111
143
147
174
179
187
230
233
247
4
89
165
254
262
275
283
334
91
99
137
138
164
165
191
208
233
247
324
55
69
117
166
183
187
200
204
285
297
21
59
99
127
132
240
278
308
331
15
70
77
105
152
163
191
198
239
242
257
296
4
22
40
47
70
91
136
230
245
248
295
342
31
54
118
125
154
156
177
186
208
218
223
241
285
340
3
39
45
101
134
154
223
303
342
40
92
93
103
117
244
250
269
290
87
97
112
116
128
141
180
247
269
281
286
337
30
139
200
253
312
342
2
9
63
86
174
186
242
260
329
336
338
341
