0
9
20
27
39
51
59
66
77
84
95
105
116
125
133
141
148
153
161
172
186
198
207
217
227
234
242
256
266
275
286
301
310
321
326
335
343
352
360
368
381
391
403
416
422
433
443
456
464
472
485
500
508
517
520
534
546
560
570
582
594
602
609
617
632
644
654
664
673
685
697
712
723
731
740
749
759
769
779
785
796
804
818
827
834
843
852
859
870
880
893
899
906
921
930
938
950
961
969
980
992
999
1007
1016
1024
1035
1046
1058
1069
1079
1087
1097
1107
1114
1121
1132
1142
1157
1167
1177
1188
1196
1204
1211
1219
1225
1241
1248
1257
1266
1271
1279
1291
1305
1316
1323
1329
1339
1346
1353
1366
1377
1392
1404
1412
1425
1435
1444
1459
1467
1477
1486
1497
1511
1519
1525
1535
1542
1553
1566
1575
1583
1591
1602
1610
1619
1632
1650
1660
1673
1679
1692
1699
1707
1720
1732
1740
1748
1761
1772
1782
1791
1797
1806
1817
1824
1833
1840
1854
1862
1872
1880
1893
1899
1908
1913
1920
1931
1941
1951
1960
1974
1984
1996
2012
2022
2031
2041
2049
2061
2071
2080
2087
2095
2101
2108
2118
2128
2135
2144
2153
2163
2176
2191
2205
2213
2222
2232
2241
2254
2263
2276
2285
2298
2312
2322
2328
2335
2345
2353
2362
2371
2379
2394
2404
2412
2426
2439
2451
2465
2472
2482
2491
2500
2510
2522
2536
2550
2561
2573
2578
2590
2599
2609
2615
2626
2636
2649
2660
2672
2681
2689
2695
2706
2716
2727
2739
2750
2759
2772
2780
2787
2799
2808
2820
2828
2843
2852
2860
2868
2875
2887
2895
2909
2918
2929
2941
2950
2963
2973
2984
2997
3008
3015
3024
3031
3042
3055
3067
3076
3084
3095
3104
3123
3136
3142
3151
3156
3164
3174
3181
3188
3197
3207
3217
3230
3242
3252
3263
3274
3286
3296
3304
3315
3325
3334
3346
3358
3372
3381
3390
3402
3408
3420
