19
37
51
77
194
201
207
224
231
232
263
286
42
72
96
135
147
209
223
287
311
25
62
79
159
214
302
306
49
126
152
218
243
283
95
163
186
261
273
306
322
25
69
94
104
129
188
194
202
214
219
227
24
38
39
44
58
102
213
283
10
57
73
160
166
187
214
233
15
20
33
116
182
187
200
207
259
274
275
307
72
102
196
198
257
305
309
7
19
100
289
305
19
27
52
54
100
196
204
220
232
309
313
52
82
86
93
132
136
164
300
302
98
108
136
141
150
180
199
274
279
288
307
21
36
70
109
157
201
202
232
279
282
283
309
312
8
42
87
89
127
137
144
151
197
208
209
109
147
148
183
206
231
259
268
35
104
176
205
301
31
88
114
196
227
255
308
0
10
11
44
87
101
173
174
214
241
278
299
8
46
54
99
125
159
163
220
250
14
34
53
61
64
88
98
113
118
137
149
161
185
230
270
323
38
69
81
86
88
97
144
169
211
73
74
75
93
94
118
151
165
172
186
212
258
313
6
37
64
114
119
136
138
252
274
292
315
2
5
27
78
202
203
249
33
43
105
121
202
282
284
316
11
25
57
60
116
141
165
277
280
287
128
177
178
201
223
230
249
260
275
314
54
70
93
101
125
199
200
31
41
47
72
143
226
245
252
285
288
293
18
30
39
60
63
66
107
122
214
230
252
263
273
280
296
56
220
250
266
8
26
38
83
112
142
212
266
269
301
21
133
154
155
184
264
292
309
325
17
79
92
113
117
152
178
207
253
261
320
14
43
126
132
136
152
158
213
221
227
239
319
0
24
74
94
98
103
133
197
239
240
258
321
6
22
33
103
111
157
163
203
217
221
287
6
31
62
87
107
109
125
195
198
215
299
64
128
217
271
30
53
153
166
169
183
205
223
254
289
310
1
15
81
141
164
197
236
281
282
26
36
87
100
210
223
6
19
45
95
127
146
158
216
233
44
55
120
126
152
170
218
230
296
20
57
76
88
97
112
257
288
304
30
93
114
122
123
140
145
158
198
295
318
56
71
77
132
138
153
195
224
233
267
3
98
111
181
190
217
242
260
296
311
320
181
208
209
214
227
252
258
264
271
305
0
59
92
99
189
230
11
12
92
113
154
225
261
280
21
41
55
94
125
133
173
255
11
20
29
107
162
177
195
222
245
266
285
289
296
302
306
45
53
98
152
170
213
240
253
275
32
48
89
127
154
161
179
186
238
7
27
46
67
82
108
112
114
247
276
302
320
6
69
78
115
215
244
273
285
51
70
156
176
191
213
262
300
27
31
68
78
100
117
125
142
195
197
228
241
264
21
69
160
178
196
244
248
256
279
283
289
326
2
39
65
100
131
153
166
180
211
229
277
281
31
81
82
130
211
212
320
21
24
40
83
91
228
323
62
92
138
146
152
194
221
232
265
292
31
68
84
105
216
218
252
294
57
105
121
190
246
254
285
294
60
66
85
107
108
151
203
237
272
5
22
58
61
210
234
14
29
59
162
189
195
253
48
92
115
129
263
1
9
30
101
116
123
125
129
132
172
175
211
223
247
257
287
290
7
23
77
217
232
236
269
315
323
23
37
96
114
116
128
164
219
281
291
23
96
99
115
134
219
220
231
297
46
135
138
149
197
214
311
0
48
73
128
138
163
172
217
236
280
25
58
60
86
125
203
272
295
2
35
90
121
183
202
208
218
254
267
292
145
156
179
185
188
216
219
245
22
42
63
88
114
125
126
139
170
194
222
225
228
236
260
283
289
300
302
12
57
63
94
116
126
174
189
198
272
277
33
64
142
145
151
175
191
284
66
89
121
153
158
258
281
292
308
68
86
144
145
230
232
235
311
12
22
78
85
98
102
141
225
233
248
15
19
39
43
123
145
237
305
322
18
21
22
46
81
147
149
156
172
249
15
56
84
96
148
255
265
303
313
325
79
104
135
161
195
225
247
318
64
137
172
173
202
252
258
292
298
304
35
51
52
65
71
96
169
189
205
215
241
252
12
23
29
47
220
233
262
295
5
23
37
53
82
116
136
298
299
4
44
117
166
178
207
209
251
300
306
313
1
74
75
89
92
138
230
234
252
287
318
22
46
139
189
207
244
297
13
21
37
49
55
86
115
147
243
258
20
51
75
106
129
204
206
245
246
247
274
303
10
11
43
60
62
112
126
136
160
161
178
210
230
237
240
270
273
301
308
19
29
72
250
267
305
308
6
9
86
127
134
180
219
243
292
37
38
113
239
276
5
17
90
109
120
173
175
199
213
248
263
273
282
289
291
298
26
66
67
141
154
215
219
231
287
308
326
99
108
115
147
158
188
190
209
262
263
284
319
31
39
54
68
156
184
219
232
245
249
256
263
269
273
275
13
57
68
106
120
148
180
258
303
323
14
16
39
104
118
205
212
233
240
260
291
114
184
216
218
246
322
38
49
118
124
172
214
239
253
326
33
46
57
100
155
167
173
260
288
21
35
52
103
133
144
184
185
197
222
225
250
18
24
47
57
74
81
110
136
215
246
287
58
71
75
98
106
121
128
131
165
167
172
191
259
8
27
72
74
82
94
120
127
134
140
192
199
203
205
276
298
35
60
95
131
207
236
241
301
21
23
109
111
130
162
184
201
205
221
256
24
152
187
206
261
281
313
45
104
108
116
146
183
192
196
252
269
316
326
26
67
79
84
115
128
154
155
177
181
190
203
213
263
270
302
320
31
47
163
192
198
216
227
235
243
268
47
72
87
127
159
247
264
281
320
111
148
215
234
242
264
306
322
20
29
39
53
60
72
78
81
135
150
216
225
304
3
36
45
81
82
100
133
159
270
15
44
56
102
116
123
185
240
274
283
28
40
74
77
115
121
197
201
205
246
290
294
5
71
72
99
147
179
187
191
214
233
234
276
289
296
63
118
146
158
168
177
193
195
230
318
62
115
117
175
239
299
314
12
36
48
72
142
157
192
293
310
321
34
37
53
113
126
309
311
324
75
102
116
154
158
252
285
293
1
76
90
125
139
153
170
209
216
286
287
12
13
24
36
94
100
114
140
145
163
226
320
15
21
91
186
199
241
277
281
314
24
48
65
76
77
96
146
162
172
182
258
277
286
298
81
97
135
140
222
295
301
303
47
116
136
139
224
251
297
308
321
324
13
27
42
86
105
155
171
174
272
284
33
60
83
132
151
162
325
30
150
274
295
306
320
15
22
85
113
158
267
47
80
83
85
87
136
200
219
302
304
318
44
65
120
130
138
176
183
235
238
1
16
88
98
106
129
225
261
282
293
16
89
108
124
160
166
175
251
294
21
76
88
199
200
226
274
290
316
13
125
143
224
250
261
292
15
23
68
83
142
158
159
167
234
295
3
35
36
45
55
65
119
192
224
250
274
312
41
48
62
84
135
163
184
194
202
204
257
297
34
52
56
105
121
134
222
258
293
34
112
121
141
266
282
293
59
80
88
107
163
172
214
242
253
270
274
293
318
320
14
38
132
164
168
190
244
280
284
289
308
36
44
47
84
106
130
134
144
151
205
207
312
321
2
20
123
126
151
168
218
222
254
291
310
311
7
61
100
148
190
204
254
260
301
306
315
317
21
56
90
100
197
285
293
54
70
118
138
142
173
183
248
276
288
323
4
20
38
77
122
136
153
156
208
267
306
12
42
74
157
205
241
255
317
319
23
27
115
191
218
275
7
41
62
95
148
169
211
235
243
278
288
112
115
151
181
184
251
252
318
130
157
159
217
224
230
235
249
309
315
22
41
92
166
205
230
233
313
319
322
45
55
81
135
186
198
268
286
141
183
185
255
266
273
291
23
72
77
88
91
111
115
138
156
219
229
261
298
19
53
91
104
112
162
223
308
323
19
82
141
192
215
236
247
248
254
269
302
313
72
83
104
131
148
239
240
254
269
320
17
59
146
202
211
245
310
28
54
121
130
199
210
265
316
28
35
61
95
100
324
56
80
129
201
206
218
238
243
270
320
13
62
102
108
274
276
49
50
121
167
194
8
138
219
261
272
291
320
324
16
41
79
120
146
162
171
254
258
34
107
110
113
118
153
167
192
242
256
270
312
21
80
113
127
171
204
233
256
288
296
314
4
23
56
137
170
213
227
229
231
248
254
281
7
8
119
129
189
203
216
230
245
265
283
325
5
80
106
192
200
224
237
277
305
51
70
82
92
97
187
194
290
296
298
49
67
106
121
157
160
195
258
266
292
59
83
115
129
165
223
255
314
116
120
122
132
152
174
184
188
198
208
222
226
235
256
257
295
130
253
265
287
290
292
0
5
65
81
153
181
189
265
317
39
48
54
60
70
90
130
190
204
283
303
9
11
18
61
120
216
230
253
276
280
288
15
37
42
60
76
113
128
161
225
229
303
9
39
47
82
122
170
192
272
13
29
104
116
137
149
177
243
252
266
267
305
307
316
8
29
145
149
188
288
0
14
28
118
128
179
236
248
301
305
5
14
25
26
79
91
153
176
218
287
25
38
68
78
116
121
187
210
225
235
251
263
314
324
11
99
153
160
185
195
256
292
306
17
41
92
109
116
118
128
158
164
169
219
226
298
316
16
99
119
179
207
259
271
284
0
8
35
95
97
117
158
206
257
279
15
50
79
163
192
246
257
261
1
15
50
95
106
135
218
265
266
43
69
100
177
203
225
238
271
316
317
325
22
62
63
72
166
176
244
326
23
33
63
109
218
267
276
289
293
300
6
36
55
59
104
121
186
310
325
2
5
7
19
31
50
76
111
129
156
226
228
245
252
39
58
92
105
114
124
174
234
251
254
44
66
80
110
122
125
135
187
196
239
243
279
321
38
40
49
73
77
168
220
223
236
255
287
3
45
66
79
110
159
165
179
202
209
212
274
284
289
312
5
74
75
80
102
105
107
145
172
182
205
231
244
325
11
20
32
75
93
217
223
251
316
36
38
65
118
240
271
304
326
54
81
113
139
154
159
192
224
232
254
1
28
41
43
72
173
191
217
220
230
306
310
0
48
140
150
152
168
188
222
285
52
81
86
90
113
125
147
197
203
210
265
299
317
30
136
149
192
205
214
233
299
5
18
36
50
122
186
254
282
288
320
60
64
81
214
236
62
172
186
197
237
255
285
290
21
28
31
45
51
85
96
100
130
168
169
187
196
223
234
236
240
0
16
75
105
186
219
321
0
11
14
65
73
85
107
222
235
7
44
48
86
93
109
129
169
185
226
244
267
305
69
96
124
129
151
215
230
239
262
263
270
277
299
85
122
146
166
168
192
203
232
305
324
42
73
77
81
117
174
201
217
228
230
240
268
68
87
100
188
229
250
56
146
179
210
241
255
298
319
323
36
37
103
111
131
175
216
234
278
290
37
55
100
109
127
175
221
230
236
245
271
19
60
92
117
137
164
238
251
266
283
285
49
124
156
184
247
3
98
102
122
166
179
199
216
298
309
58
61
97
157
211
219
233
262
280
281
286
30
54
80
99
107
176
187
214
240
263
67
99
110
114
128
208
267
290
57
72
90
99
123
174
242
288
320
322
61
86
104
162
174
186
201
260
281
25
28
88
107
168
266
295
20
32
101
113
150
152
237
286
95
140
148
167
203
215
220
241
310
318
24
30
31
50
66
91
92
96
120
134
167
199
214
270
294
324
35
55
70
111
156
193
196
268
324
41
67
79
159
160
174
175
183
186
215
222
227
294
18
53
89
164
171
191
217
229
238
294
309
61
107
118
184
185
192
204
260
293
304
314
9
46
72
153
192
207
208
264
279
296
23
37
50
84
91
98
108
138
154
183
190
272
297
8
16
115
206
299
28
49
81
109
112
160
248
256
305
4
35
52
119
147
150
172
182
208
291
59
93
106
234
244
267
0
31
71
104
106
107
121
203
234
245
284
34
50
60
123
124
257
310
65
89
177
187
193
194
209
225
282
306
32
33
54
155
171
190
199
209
241
249
294
48
79
101
144
163
199
212
233
246
262
299
16
122
170
236
253
275
33
73
107
120
174
175
322
21
100
121
126
156
179
184
234
252
291
303
322
40
50
206
210
221
240
68
78
82
141
182
198
258
300
313
4
31
58
100
104
107
171
289
8
13
24
99
127
143
149
152
156
180
218
8
28
55
107
165
268
315
318
319
57
103
116
129
162
180
196
212
289
27
62
82
137
138
188
234
299
19
166
239
282
13
14
61
207
216
257
317
326
27
31
52
77
157
196
244
322
42
62
74
84
119
123
137
186
244
248
316
325
14
26
42
104
147
155
227
265
278
3
6
14
61
81
127
187
195
241
291
299
320
26
83
106
141
157
206
218
263
30
54
58
67
134
161
224
229
241
0
135
138
170
244
250
295
297
323
1
27
38
72
96
105
114
135
193
202
217
297
319
13
30
46
112
162
166
185
196
200
227
247
296
297
10
41
54
61
81
104
129
157
212
218
273
276
72
128
149
189
193
229
239
246
314
74
104
109
159
171
182
261
270
283
24
34
65
79
84
91
102
150
190
193
204
311
326
30
132
134
147
154
155
156
161
212
256
306
307
319
66
67
128
148
252
254
255
266
317
47
78
93
139
143
151
192
249
286
302
315
318
31
45
49
54
129
185
189
257
288
75
97
140
153
258
286
287
288
91
94
104
116
138
172
189
205
238
243
323
19
39
94
131
225
226
234
259
267
277
283
12
59
81
95
212
272
17
33
100
117
139
160
201
2
12
54
57
81
121
145
174
295
89
99
108
139
195
197
270
46
91
125
145
221
256
313
9
10
50
87
101
188
199
201
233
235
260
2
4
54
95
124
143
160
163
204
223
265
293
313
8
13
199
293
325
18
84
100
101
105
140
157
173
309
318
9
11
14
34
133
168
243
255
308
312
320
41
132
159
176
213
223
251
264
324
1
49
76
85
133
159
292
312
14
152
158
184
218
309
311
11
23
89
95
119
169
174
272
304
306
28
131
137
185
191
203
256
290
24
73
160
168
275
295
318
26
120
149
177
199
205
210
220
281
160
164
194
210
225
279
294
325
47
90
96
130
145
156
167
251
275
295
308
315
323
36
106
164
169
238
275
287
293
321
322
35
49
57
63
121
123
136
143
156
175
179
182
227
247
283
309
37
132
140
158
216
231
319
4
87
110
124
169
247
269
270
280
319
21
64
73
108
162
173
238
286
298
318
133
140
178
182
203
235
252
253
310
34
89
142
187
210
213
219
281
307
317
61
105
111
120
211
221
279
292
