0
12
21
28
34
41
52
60
68
80
87
92
103
112
123
136
147
155
160
167
179
188
204
213
226
237
244
252
262
272
279
290
305
309
319
328
339
351
363
374
385
389
400
409
415
424
433
442
453
463
474
484
490
498
506
521
530
539
551
559
567
580
592
604
611
618
628
636
644
653
659
666
671
688
697
707
716
723
733
741
752
760
779
790
798
807
815
825
834
844
854
862
872
884
892
901
912
923
930
940
952
971
978
987
992
1008
1019
1031
1046
1056
1067
1073
1082
1091
1103
1114
1127
1143
1151
1162
1169
1181
1198
1208
1217
1225
1238
1247
1257
1269
1283
1293
1300
1310
1318
1326
1337
1349
1358
1372
1380
1390
1400
1407
1413
1419
1430
1439
1449
1458
1467
1474
1484
1496
1508
1517
1524
1538
1549
1562
1574
1586
1593
1604
1615
1624
1630
1641
1649
1659
1669
1677
1684
1697
1706
1718
1728
1735
1743
1749
1759
1765
1770
1778
1787
1799
1810
1822
1834
1843
1853
1863
1871
1887
1893
1902
1913
1924
1935
1943
1957
1963
1973
1983
1997
2006
2020
2028
2038
2046
2055
2066
2074
2084
2093
2107
2117
2130
2141
2156
2170
2179
2187
2197
2209
2218
2231
2239
2249
2254
2262
2279
2286
2295
2308
2321
2331
2343
2349
2358
2368
2379
2390
2395
2405
2416
2426
2434
2444
2453
2460
2468
2478
2494
2503
2516
2527
2538
2548
2561
2566
2575
2585
2591
2602
2609
2619
2630
2641
2647
2654
2666
2672
2681
2689
2700
2709
2718
2726
2730
2738
2746
2758
2767
2779
2787
2796
2805
2818
2831
2843
2852
2861
2874
2887
2896
2908
2917
2925
2936
2947
2953
2960
2969
2976
2983
2994
3007
3012
3022
3033
3042
3050
3057
3067
3075
3082
3091
3099
3112
3122
3138
3145
3155
3165
3174
3184
3192
